1.000000,1.000000,1.000000,1.000000,1.000000,1.000000,1.000000,1.000000,1.000000,1.000000,1.000000,1.000000,1.000000,1.000000,1.000000,1.000000,1.000000,1.000000,1.000000,1.000000,1.000000,1.000000,1.000000,1.000000,1.000000,1.000000,1.000000,1.000000,1.000000,1.000000,1.000000,1.000000,1.000000,1.000000,1.000000,1.000000,1.000000,1.000000,1.000000,1.000000,1.000000,1.000000,1.000000,1.000000,1.000000,1.000000,1.000000,1.000000,1.000000,1.000000,1.000000,1.000000,1.000000,1.000000,1.000000,1.000000,1.000000,1.000000,1.000000,1.000000,1.000000,1.000000,1.000000,1.000000,1.000000,1.000000,1.000000,1.000000,1.000000,1.000000,1.000000,1.000000,1.000000,1.000000,1.000000,1.000000,1.000000,1.000000,1.000000,1.000000,1.000000,1.000000,1.000000,1.000000,1.000000,1.000000,1.000000,1.000000,1.000000,1.000000,1.000000,1.000000,1.000000,1.000000,1.000000,1.000000,1.000000,1.000000,1.000000,1.000000,
1.000000,0.996478,0.992975,0.989511,0.986104,0.982771,0.979530,0.976394,0.973378,0.970491,0.967746,0.965148,0.962703,0.960416,0.958287,0.956317,0.954504,0.952845,0.951335,0.949968,0.948737,0.947636,0.946656,0.945787,0.945023,0.944354,0.943772,0.943268,0.942833,0.942462,0.942145,0.941877,0.941651,0.941462,0.941305,0.941175,0.941067,0.940980,0.940908,0.940850,0.940804,0.940767,0.940737,0.940714,0.940697,0.940683,0.940673,0.940666,0.940661,0.940659,0.940659,0.940661,0.940666,0.940673,0.940683,0.940697,0.940714,0.940737,0.940767,0.940804,0.940850,0.940908,0.940980,0.941067,0.941175,0.941305,0.941462,0.941651,0.941877,0.942145,0.942462,0.942833,0.943268,0.943772,0.944354,0.945023,0.945787,0.946656,0.947636,0.948737,0.949968,0.951335,0.952845,0.954504,0.956317,0.958287,0.960416,0.962703,0.965148,0.967746,0.970491,0.973378,0.976394,0.979530,0.982771,0.986104,0.989511,0.992975,0.996478,1.000000,
1.000000,0.992975,0.985989,0.979080,0.972285,0.965638,0.959173,0.952919,0.946902,0.941146,0.935669,0.930488,0.925612,0.921050,0.916804,0.912876,0.909260,0.905950,0.902938,0.900212,0.897758,0.895561,0.893605,0.891874,0.890350,0.889016,0.887854,0.886849,0.885982,0.885241,0.884610,0.884075,0.883625,0.883248,0.882934,0.882674,0.882461,0.882285,0.882143,0.882028,0.881935,0.881861,0.881802,0.881756,0.881721,0.881694,0.881674,0.881659,0.881650,0.881646,0.881646,0.881650,0.881659,0.881674,0.881694,0.881721,0.881756,0.881802,0.881861,0.881935,0.882028,0.882143,0.882285,0.882461,0.882674,0.882934,0.883248,0.883625,0.884075,0.884610,0.885241,0.885982,0.886849,0.887854,0.889016,0.890350,0.891874,0.893605,0.895561,0.897758,0.900212,0.902938,0.905950,0.909260,0.912876,0.916804,0.921050,0.925612,0.930488,0.935669,0.941146,0.946902,0.952919,0.959173,0.965638,0.972285,0.979080,0.985989,0.992975,1.000000,
1.000000,0.989511,0.979080,0.968764,0.958617,0.948693,0.939040,0.929701,0.920718,0.912123,0.903946,0.896209,0.888930,0.882117,0.875779,0.869912,0.864513,0.859572,0.855075,0.851004,0.847340,0.844060,0.841140,0.838555,0.836280,0.834287,0.832553,0.831051,0.829758,0.828651,0.827708,0.826910,0.826238,0.825675,0.825207,0.824819,0.824499,0.824238,0.824025,0.823853,0.823715,0.823604,0.823517,0.823448,0.823395,0.823354,0.823324,0.823303,0.823290,0.823283,0.823283,0.823290,0.823303,0.823324,0.823354,0.823395,0.823448,0.823517,0.823604,0.823715,0.823853,0.824025,0.824238,0.824499,0.824819,0.825207,0.825675,0.826238,0.826910,0.827708,0.828651,0.829758,0.831051,0.832553,0.834287,0.836280,0.838555,0.841140,0.844060,0.847340,0.851004,0.855075,0.859572,0.864513,0.869912,0.875779,0.882117,0.888930,0.896209,0.903946,0.912123,0.920718,0.929701,0.939040,0.948693,0.958617,0.968764,0.979080,0.989511,1.000000,
1.000000,0.986104,0.972285,0.958617,0.945175,0.932027,0.919238,0.906866,0.894964,0.883578,0.872745,0.862496,0.852851,0.843827,0.835428,0.827657,0.820504,0.813958,0.807999,0.802607,0.797752,0.793407,0.789538,0.786114,0.783099,0.780460,0.778162,0.776173,0.774460,0.772993,0.771744,0.770687,0.769797,0.769051,0.768431,0.767917,0.767493,0.767147,0.766865,0.766637,0.766454,0.766308,0.766192,0.766101,0.766030,0.765977,0.765937,0.765909,0.765891,0.765883,0.765883,0.765891,0.765909,0.765937,0.765977,0.766030,0.766101,0.766192,0.766308,0.766454,0.766637,0.766865,0.767147,0.767493,0.767917,0.768431,0.769051,0.769797,0.770687,0.771744,0.772993,0.774460,0.776173,0.778162,0.780460,0.783099,0.786114,0.789538,0.793407,0.797752,0.802607,0.807999,0.813958,0.820504,0.827657,0.835428,0.843827,0.852851,0.862496,0.872745,0.883578,0.894964,0.906866,0.919238,0.932027,0.945175,0.958617,0.972285,0.986104,1.000000,
1.000000,0.982771,0.965638,0.948693,0.932027,0.915726,0.899870,0.884531,0.869775,0.855658,0.842228,0.829519,0.817563,0.806373,0.795962,0.786326,0.777458,0.769342,0.761955,0.755269,0.749251,0.743863,0.739068,0.734822,0.731085,0.727812,0.724964,0.722497,0.720374,0.718555,0.717007,0.715696,0.714592,0.713668,0.712899,0.712261,0.711737,0.711308,0.710958,0.710675,0.710448,0.710267,0.710123,0.710010,0.709923,0.709856,0.709807,0.709773,0.709751,0.709740,0.709740,0.709751,0.709773,0.709807,0.709856,0.709923,0.710010,0.710123,0.710267,0.710448,0.710675,0.710958,0.711308,0.711737,0.712261,0.712899,0.713668,0.714592,0.715696,0.717007,0.718555,0.720374,0.722497,0.724964,0.727812,0.731085,0.734822,0.739068,0.743863,0.749251,0.755269,0.761955,0.769342,0.777458,0.786326,0.795962,0.806373,0.817563,0.829519,0.842228,0.855658,0.869775,0.884531,0.899870,0.915726,0.932027,0.948693,0.965638,0.982771,1.000000,
1.000000,0.979530,0.959173,0.939040,0.919238,0.899870,0.881030,0.862805,0.845273,0.828501,0.812542,0.797444,0.783236,0.769943,0.757572,0.746124,0.735587,0.725945,0.717168,0.709224,0.702073,0.695673,0.689975,0.684931,0.680490,0.676603,0.673218,0.670288,0.667764,0.665604,0.663765,0.662208,0.660896,0.659798,0.658884,0.658127,0.657504,0.656994,0.656578,0.656243,0.655973,0.655757,0.655586,0.655452,0.655349,0.655270,0.655211,0.655170,0.655144,0.655131,0.655131,0.655144,0.655170,0.655211,0.655270,0.655349,0.655452,0.655586,0.655757,0.655973,0.656243,0.656578,0.656994,0.657504,0.658127,0.658884,0.659798,0.660896,0.662208,0.663765,0.665604,0.667764,0.670288,0.673218,0.676603,0.680490,0.684931,0.689975,0.695673,0.702073,0.709224,0.717168,0.725945,0.735587,0.746124,0.757572,0.769943,0.783236,0.797444,0.812542,0.828501,0.845273,0.862805,0.881030,0.899870,0.919238,0.939040,0.959173,0.979530,1.000000,
1.000000,0.976394,0.952919,0.929701,0.906866,0.884531,0.862805,0.841789,0.821572,0.802229,0.783827,0.766415,0.750033,0.734702,0.720437,0.707234,0.695085,0.683965,0.673845,0.664683,0.656438,0.649057,0.642487,0.636670,0.631550,0.627066,0.623164,0.619784,0.616875,0.614384,0.612263,0.610467,0.608955,0.607689,0.606635,0.605762,0.605044,0.604455,0.603977,0.603589,0.603278,0.603030,0.602833,0.602678,0.602559,0.602468,0.602400,0.602353,0.602323,0.602308,0.602308,0.602323,0.602353,0.602400,0.602468,0.602559,0.602678,0.602833,0.603030,0.603278,0.603589,0.603977,0.604455,0.605044,0.605762,0.606635,0.607689,0.608955,0.610467,0.612263,0.614384,0.616875,0.619784,0.623164,0.627066,0.631550,0.636670,0.642487,0.649057,0.656438,0.664683,0.673845,0.683965,0.695085,0.707234,0.720437,0.734702,0.750033,0.766415,0.783827,0.802229,0.821572,0.841789,0.862805,0.884531,0.906866,0.929701,0.952919,0.976394,1.000000,
1.000000,0.973378,0.946902,0.920718,0.894964,0.869775,0.845273,0.821572,0.798770,0.776957,0.756202,0.736567,0.718090,0.700801,0.684712,0.669824,0.656121,0.643582,0.632167,0.621837,0.612537,0.604214,0.596804,0.590245,0.584470,0.579415,0.575013,0.571203,0.567921,0.565113,0.562720,0.560696,0.558990,0.557563,0.556374,0.555389,0.554579,0.553916,0.553376,0.552939,0.552588,0.552308,0.552086,0.551912,0.551777,0.551674,0.551598,0.551545,0.551511,0.551494,0.551494,0.551511,0.551545,0.551598,0.551674,0.551777,0.551912,0.552086,0.552308,0.552588,0.552939,0.553376,0.553916,0.554579,0.555389,0.556374,0.557563,0.558990,0.560696,0.562720,0.565113,0.567921,0.571203,0.575013,0.579415,0.584470,0.590245,0.596804,0.604214,0.612537,0.621837,0.632167,0.643582,0.656121,0.669824,0.684712,0.700801,0.718090,0.736567,0.756202,0.776957,0.798770,0.821572,0.845273,0.869775,0.894964,0.920718,0.946902,0.973378,1.000000,
1.000000,0.970491,0.941146,0.912123,0.883578,0.855658,0.828501,0.802229,0.776957,0.752778,0.729775,0.708010,0.687532,0.668368,0.650537,0.634033,0.618847,0.604947,0.592297,0.580846,0.570540,0.561313,0.553101,0.545831,0.539431,0.533827,0.528950,0.524726,0.521090,0.517976,0.515326,0.513081,0.511191,0.509609,0.508291,0.507201,0.506303,0.505567,0.504969,0.504485,0.504096,0.503786,0.503540,0.503347,0.503197,0.503083,0.502999,0.502940,0.502902,0.502884,0.502884,0.502902,0.502940,0.502999,0.503083,0.503197,0.503347,0.503540,0.503786,0.504096,0.504485,0.504969,0.505567,0.506303,0.507201,0.508291,0.509609,0.511191,0.513081,0.515326,0.517976,0.521090,0.524726,0.528950,0.533827,0.539431,0.545831,0.553101,0.561313,0.570540,0.580846,0.592297,0.604947,0.618847,0.634033,0.650537,0.668368,0.687532,0.708010,0.729775,0.752778,0.776957,0.802229,0.828501,0.855658,0.883578,0.912123,0.941146,0.970491,1.000000,
1.000000,0.967746,0.935669,0.903946,0.872745,0.842228,0.812542,0.783827,0.756202,0.729775,0.704631,0.680842,0.658457,0.637512,0.618020,0.599984,0.583383,0.568192,0.554364,0.541849,0.530583,0.520500,0.511523,0.503577,0.496582,0.490458,0.485126,0.480510,0.476536,0.473133,0.470236,0.467783,0.465717,0.463988,0.462548,0.461356,0.460374,0.459571,0.458917,0.458388,0.457963,0.457624,0.457355,0.457144,0.456981,0.456856,0.456764,0.456700,0.456658,0.456638,0.456638,0.456658,0.456700,0.456764,0.456856,0.456981,0.457144,0.457355,0.457624,0.457963,0.458388,0.458917,0.459571,0.460374,0.461356,0.462548,0.463988,0.465717,0.467783,0.470236,0.473133,0.476536,0.480510,0.485126,0.490458,0.496582,0.503577,0.511523,0.520500,0.530583,0.541849,0.554364,0.568192,0.583383,0.599984,0.618020,0.637512,0.658457,0.680842,0.704631,0.729775,0.756202,0.783827,0.812542,0.842228,0.872745,0.903946,0.935669,0.967746,1.000000,
1.000000,0.965148,0.930488,0.896209,0.862496,0.829519,0.797444,0.766415,0.736567,0.708010,0.680842,0.655136,0.630950,0.608317,0.587257,0.567767,0.549831,0.533415,0.518475,0.504952,0.492780,0.481884,0.472186,0.463600,0.456042,0.449425,0.443665,0.438677,0.434383,0.430706,0.427576,0.424926,0.422695,0.420826,0.419270,0.417982,0.416922,0.416054,0.415348,0.414776,0.414317,0.413951,0.413660,0.413432,0.413256,0.413121,0.413022,0.412952,0.412908,0.412886,0.412886,0.412908,0.412952,0.413022,0.413121,0.413256,0.413432,0.413660,0.413951,0.414317,0.414776,0.415348,0.416054,0.416922,0.417982,0.419270,0.420826,0.422695,0.424926,0.427576,0.430706,0.434383,0.438677,0.443665,0.449425,0.456042,0.463600,0.472186,0.481884,0.492780,0.504952,0.518475,0.533415,0.549831,0.567767,0.587257,0.608317,0.630950,0.655136,0.680842,0.708010,0.736567,0.766415,0.797444,0.829519,0.862496,0.896209,0.930488,0.965148,1.000000,
1.000000,0.962703,0.925612,0.888930,0.852851,0.817563,0.783236,0.750033,0.718090,0.687532,0.658457,0.630950,0.605066,0.580848,0.558310,0.537455,0.518260,0.500695,0.484706,0.470236,0.457210,0.445552,0.435173,0.425987,0.417898,0.410818,0.404654,0.399317,0.394722,0.390789,0.387439,0.384603,0.382215,0.380216,0.378552,0.377174,0.376039,0.375111,0.374355,0.373744,0.373252,0.372860,0.372549,0.372305,0.372116,0.371973,0.371866,0.371792,0.371744,0.371721,0.371721,0.371744,0.371792,0.371866,0.371973,0.372116,0.372305,0.372549,0.372860,0.373252,0.373744,0.374355,0.375111,0.376039,0.377174,0.378552,0.380216,0.382215,0.384603,0.387439,0.390789,0.394722,0.399317,0.404654,0.410818,0.417898,0.425987,0.435173,0.445552,0.457210,0.470236,0.484706,0.500695,0.518260,0.537455,0.558310,0.580848,0.605066,0.630950,0.658457,0.687532,0.718090,0.750033,0.783236,0.817563,0.852851,0.888930,0.925612,0.962703,1.000000,
1.000000,0.960416,0.921050,0.882117,0.843827,0.806373,0.769943,0.734702,0.700801,0.668368,0.637512,0.608317,0.580848,0.555143,0.531225,0.509090,0.488720,0.470077,0.453110,0.437752,0.423929,0.411555,0.400542,0.390791,0.382208,0.374694,0.368153,0.362489,0.357613,0.353438,0.349884,0.346874,0.344341,0.342219,0.340453,0.338991,0.337787,0.336801,0.335999,0.335351,0.334829,0.334413,0.334083,0.333825,0.333624,0.333472,0.333359,0.333279,0.333229,0.333204,0.333204,0.333229,0.333279,0.333359,0.333472,0.333624,0.333825,0.334083,0.334413,0.334829,0.335351,0.335999,0.336801,0.337787,0.338991,0.340453,0.342219,0.344341,0.346874,0.349884,0.353438,0.357613,0.362489,0.368153,0.374694,0.382208,0.390791,0.400542,0.411555,0.423929,0.437752,0.453110,0.470077,0.488720,0.509090,0.531225,0.555143,0.580848,0.608317,0.637512,0.668368,0.700801,0.734702,0.769943,0.806373,0.843827,0.882117,0.921050,0.960416,1.000000,
1.000000,0.958287,0.916804,0.875779,0.835428,0.795962,0.757572,0.720437,0.684712,0.650537,0.618020,0.587257,0.558310,0.531225,0.506020,0.482697,0.461231,0.441587,0.423707,0.407525,0.392959,0.379922,0.368315,0.358042,0.348998,0.341081,0.334188,0.328221,0.323083,0.318684,0.314939,0.311768,0.309099,0.306863,0.305002,0.303462,0.302193,0.301155,0.300310,0.299627,0.299077,0.298639,0.298292,0.298019,0.297808,0.297647,0.297528,0.297445,0.297392,0.297366,0.297366,0.297392,0.297445,0.297528,0.297647,0.297808,0.298019,0.298292,0.298639,0.299077,0.299627,0.300310,0.301155,0.302193,0.303462,0.305002,0.306863,0.309099,0.311768,0.314939,0.318684,0.323083,0.328221,0.334188,0.341081,0.348998,0.358042,0.368315,0.379922,0.392959,0.407525,0.423707,0.441587,0.461231,0.482697,0.506020,0.531225,0.558310,0.587257,0.618020,0.650537,0.684712,0.720437,0.757572,0.795962,0.835428,0.875779,0.916804,0.958287,1.000000,
1.000000,0.956317,0.912876,0.869912,0.827657,0.786326,0.746124,0.707234,0.669824,0.634033,0.599984,0.567767,0.537455,0.509090,0.482697,0.458271,0.435794,0.415222,0.396500,0.379553,0.364301,0.350648,0.338495,0.327737,0.318267,0.309976,0.302759,0.296510,0.291130,0.286524,0.282603,0.279283,0.276488,0.274147,0.272199,0.270585,0.269257,0.268170,0.267286,0.266570,0.265995,0.265536,0.265172,0.264887,0.264666,0.264498,0.264373,0.264286,0.264230,0.264203,0.264203,0.264230,0.264286,0.264373,0.264498,0.264666,0.264887,0.265172,0.265536,0.265995,0.266570,0.267286,0.268170,0.269257,0.270585,0.272199,0.274147,0.276488,0.279283,0.282603,0.286524,0.291130,0.296510,0.302759,0.309976,0.318267,0.327737,0.338495,0.350648,0.364301,0.379553,0.396500,0.415222,0.435794,0.458271,0.482697,0.509090,0.537455,0.567767,0.599984,0.634033,0.669824,0.707234,0.746124,0.786326,0.827657,0.869912,0.912876,0.956317,1.000000,
1.000000,0.954504,0.909260,0.864513,0.820504,0.777458,0.735587,0.695085,0.656121,0.618847,0.583383,0.549831,0.518260,0.488720,0.461231,0.435794,0.412383,0.390960,0.371460,0.353812,0.337927,0.323709,0.311052,0.299849,0.289986,0.281352,0.273836,0.267329,0.261726,0.256930,0.252846,0.249389,0.246478,0.244041,0.242012,0.240332,0.238949,0.237817,0.236896,0.236151,0.235552,0.235074,0.234695,0.234398,0.234168,0.233993,0.233863,0.233772,0.233714,0.233686,0.233686,0.233714,0.233772,0.233863,0.233993,0.234168,0.234398,0.234695,0.235074,0.235552,0.236151,0.236896,0.237817,0.238949,0.240332,0.242012,0.244041,0.246478,0.249389,0.252846,0.256930,0.261726,0.267329,0.273836,0.281352,0.289986,0.299849,0.311052,0.323709,0.337927,0.353812,0.371460,0.390960,0.412383,0.435794,0.461231,0.488720,0.518260,0.549831,0.583383,0.618847,0.656121,0.695085,0.735587,0.777458,0.820504,0.864513,0.909260,0.954504,1.000000,
1.000000,0.952845,0.905950,0.859572,0.813958,0.769342,0.725945,0.683965,0.643582,0.604947,0.568192,0.533415,0.500695,0.470077,0.441587,0.415222,0.390960,0.368754,0.348546,0.330254,0.313791,0.299055,0.285938,0.274326,0.264105,0.255157,0.247368,0.240623,0.234818,0.229847,0.225615,0.222032,0.219015,0.216489,0.214387,0.212646,0.211213,0.210040,0.209085,0.208313,0.207693,0.207197,0.206805,0.206497,0.206259,0.206077,0.205943,0.205849,0.205788,0.205759,0.205759,0.205788,0.205849,0.205943,0.206077,0.206259,0.206497,0.206805,0.207197,0.207693,0.208313,0.209085,0.210040,0.211213,0.212646,0.214387,0.216489,0.219015,0.222032,0.225615,0.229847,0.234818,0.240623,0.247368,0.255157,0.264105,0.274326,0.285938,0.299055,0.313791,0.330254,0.348546,0.368754,0.390960,0.415222,0.441587,0.470077,0.500695,0.533415,0.568192,0.604947,0.643582,0.683965,0.725945,0.769342,0.813958,0.859572,0.905950,0.952845,1.000000,
1.000000,0.951335,0.902938,0.855075,0.807999,0.761955,0.717168,0.673845,0.632167,0.592297,0.554364,0.518475,0.484706,0.453110,0.423707,0.396500,0.371460,0.348546,0.327689,0.308814,0.291824,0.276618,0.263081,0.251099,0.240551,0.231318,0.223279,0.216320,0.210328,0.205199,0.200832,0.197135,0.194022,0.191416,0.189246,0.187450,0.185971,0.184761,0.183776,0.182980,0.182339,0.181828,0.181424,0.181106,0.180860,0.180673,0.180534,0.180437,0.180375,0.180345,0.180345,0.180375,0.180437,0.180534,0.180673,0.180860,0.181106,0.181424,0.181828,0.182339,0.182980,0.183776,0.184761,0.185971,0.187450,0.189246,0.191416,0.194022,0.197135,0.200832,0.205199,0.210328,0.216320,0.223279,0.231318,0.240551,0.251099,0.263081,0.276618,0.291824,0.308814,0.327689,0.348546,0.371460,0.396500,0.423707,0.453110,0.484706,0.518475,0.554364,0.592297,0.632167,0.673845,0.717168,0.761955,0.807999,0.855075,0.902938,0.951335,1.000000,
1.000000,0.949968,0.900212,0.851004,0.802607,0.755269,0.709224,0.664683,0.621837,0.580846,0.541849,0.504952,0.470236,0.437752,0.407525,0.379553,0.353812,0.330254,0.308814,0.289409,0.271944,0.256310,0.242395,0.230076,0.219234,0.209741,0.201478,0.194324,0.188165,0.182892,0.178403,0.174603,0.171403,0.168724,0.166494,0.164647,0.163128,0.161883,0.160871,0.160052,0.159394,0.158869,0.158453,0.158126,0.157874,0.157681,0.157539,0.157439,0.157375,0.157344,0.157344,0.157375,0.157439,0.157539,0.157681,0.157874,0.158126,0.158453,0.158869,0.159394,0.160052,0.160871,0.161883,0.163128,0.164647,0.166494,0.168724,0.171403,0.174603,0.178403,0.182892,0.188165,0.194324,0.201478,0.209741,0.219234,0.230076,0.242395,0.256310,0.271944,0.289409,0.308814,0.330254,0.353812,0.379553,0.407525,0.437752,0.470236,0.504952,0.541849,0.580846,0.621837,0.664683,0.709224,0.755269,0.802607,0.851004,0.900212,0.949968,1.000000,
1.000000,0.948737,0.897758,0.847340,0.797752,0.749251,0.702073,0.656438,0.612537,0.570540,0.530583,0.492780,0.457210,0.423929,0.392959,0.364301,0.337927,0.313791,0.291824,0.271944,0.254049,0.238033,0.223775,0.211156,0.200046,0.190322,0.181856,0.174527,0.168217,0.162816,0.158217,0.154323,0.151045,0.148301,0.146016,0.144125,0.142568,0.141293,0.140256,0.139418,0.138743,0.138205,0.137779,0.137445,0.137186,0.136989,0.136843,0.136740,0.136675,0.136643,0.136643,0.136675,0.136740,0.136843,0.136989,0.137186,0.137445,0.137779,0.138205,0.138743,0.139418,0.140256,0.141293,0.142568,0.144125,0.146016,0.148301,0.151045,0.154323,0.158217,0.162816,0.168217,0.174527,0.181856,0.190322,0.200046,0.211156,0.223775,0.238033,0.254049,0.271944,0.291824,0.313791,0.337927,0.364301,0.392959,0.423929,0.457210,0.492780,0.530583,0.570540,0.612537,0.656438,0.702073,0.749251,0.797752,0.847340,0.897758,0.948737,1.000000,
1.000000,0.947636,0.895561,0.844060,0.793407,0.743863,0.695673,0.649057,0.604214,0.561313,0.520500,0.481884,0.445552,0.411555,0.379922,0.350648,0.323709,0.299055,0.276618,0.256310,0.238033,0.221672,0.207111,0.194220,0.182874,0.172940,0.164294,0.156808,0.150364,0.144846,0.140149,0.136172,0.132825,0.130022,0.127688,0.125756,0.124166,0.122865,0.121806,0.120949,0.120261,0.119711,0.119276,0.118934,0.118670,0.118469,0.118320,0.118215,0.118148,0.118116,0.118116,0.118148,0.118215,0.118320,0.118469,0.118670,0.118934,0.119276,0.119711,0.120261,0.120949,0.121806,0.122865,0.124166,0.125756,0.127688,0.130022,0.132825,0.136172,0.140149,0.144846,0.150364,0.156808,0.164294,0.172940,0.182874,0.194220,0.207111,0.221672,0.238033,0.256310,0.276618,0.299055,0.323709,0.350648,0.379922,0.411555,0.445552,0.481884,0.520500,0.561313,0.604214,0.649057,0.695673,0.743863,0.793407,0.844060,0.895561,0.947636,1.000000,
1.000000,0.946656,0.893605,0.841140,0.789538,0.739068,0.689975,0.642487,0.596804,0.553101,0.511523,0.472186,0.435173,0.400542,0.368315,0.338495,0.311052,0.285938,0.263081,0.242395,0.223775,0.207111,0.192276,0.179146,0.167587,0.157470,0.148661,0.141036,0.134472,0.128852,0.124068,0.120017,0.116607,0.113752,0.111375,0.109408,0.107788,0.106462,0.105384,0.104511,0.103810,0.103250,0.102807,0.102459,0.102190,0.101985,0.101833,0.101726,0.101659,0.101626,0.101626,0.101659,0.101726,0.101833,0.101985,0.102190,0.102459,0.102807,0.103250,0.103810,0.104511,0.105384,0.106462,0.107788,0.109408,0.111375,0.113752,0.116607,0.120017,0.124068,0.128852,0.134472,0.141036,0.148661,0.157470,0.167587,0.179146,0.192276,0.207111,0.223775,0.242395,0.263081,0.285938,0.311052,0.338495,0.368315,0.400542,0.435173,0.472186,0.511523,0.553101,0.596804,0.642487,0.689975,0.739068,0.789538,0.841140,0.893605,0.946656,1.000000,
1.000000,0.945787,0.891874,0.838555,0.786114,0.734822,0.684931,0.636670,0.590245,0.545831,0.503577,0.463600,0.425987,0.390791,0.358042,0.327737,0.299849,0.274326,0.251099,0.230076,0.211156,0.194220,0.179146,0.165802,0.154057,0.143775,0.134825,0.127076,0.120406,0.114695,0.109833,0.105717,0.102252,0.099351,0.096936,0.094937,0.093291,0.091944,0.090848,0.089962,0.089249,0.088680,0.088230,0.087877,0.087603,0.087395,0.087240,0.087132,0.087063,0.087030,0.087030,0.087063,0.087132,0.087240,0.087395,0.087603,0.087877,0.088230,0.088680,0.089249,0.089962,0.090848,0.091944,0.093291,0.094937,0.096936,0.099351,0.102252,0.105717,0.109833,0.114695,0.120406,0.127076,0.134825,0.143775,0.154057,0.165802,0.179146,0.194220,0.211156,0.230076,0.251099,0.274326,0.299849,0.327737,0.358042,0.390791,0.425987,0.463600,0.503577,0.545831,0.590245,0.636670,0.684931,0.734822,0.786114,0.838555,0.891874,0.945787,1.000000,
1.000000,0.945023,0.890350,0.836280,0.783099,0.731085,0.680490,0.631550,0.584470,0.539431,0.496582,0.456042,0.417898,0.382208,0.348998,0.318267,0.289986,0.264105,0.240551,0.219234,0.200046,0.182874,0.167587,0.154057,0.142147,0.131721,0.122645,0.114788,0.108024,0.102233,0.097304,0.093130,0.089617,0.086675,0.084226,0.082199,0.080530,0.079165,0.078054,0.077155,0.076432,0.075856,0.075399,0.075041,0.074763,0.074552,0.074396,0.074286,0.074216,0.074182,0.074182,0.074216,0.074286,0.074396,0.074552,0.074763,0.075041,0.075399,0.075856,0.076432,0.077155,0.078054,0.079165,0.080530,0.082199,0.084226,0.086675,0.089617,0.093130,0.097304,0.102233,0.108024,0.114788,0.122645,0.131721,0.142147,0.154057,0.167587,0.182874,0.200046,0.219234,0.240551,0.264105,0.289986,0.318267,0.348998,0.382208,0.417898,0.456042,0.496582,0.539431,0.584470,0.631550,0.680490,0.731085,0.783099,0.836280,0.890350,0.945023,1.000000,
1.000000,0.944354,0.889016,0.834287,0.780460,0.727812,0.676603,0.627066,0.579415,0.533827,0.490458,0.449425,0.410818,0.374694,0.341081,0.309976,0.281352,0.255157,0.231318,0.209741,0.190322,0.172940,0.157470,0.143775,0.131721,0.121169,0.111983,0.104031,0.097186,0.091325,0.086336,0.082112,0.078556,0.075579,0.073101,0.071050,0.069361,0.067979,0.066854,0.065945,0.065214,0.064630,0.064168,0.063805,0.063525,0.063311,0.063153,0.063042,0.062971,0.062937,0.062937,0.062971,0.063042,0.063153,0.063311,0.063525,0.063805,0.064168,0.064630,0.065214,0.065945,0.066854,0.067979,0.069361,0.071050,0.073101,0.075579,0.078556,0.082112,0.086336,0.091325,0.097186,0.104031,0.111983,0.121169,0.131721,0.143775,0.157470,0.172940,0.190322,0.209741,0.231318,0.255157,0.281352,0.309976,0.341081,0.374694,0.410818,0.449425,0.490458,0.533827,0.579415,0.627066,0.676603,0.727812,0.780460,0.834287,0.889016,0.944354,1.000000,
1.000000,0.943772,0.887854,0.832553,0.778162,0.724964,0.673218,0.623164,0.575013,0.528950,0.485126,0.443665,0.404654,0.368153,0.334188,0.302759,0.273836,0.247368,0.223279,0.201478,0.181856,0.164294,0.148661,0.134825,0.122645,0.111983,0.102702,0.094667,0.087751,0.081830,0.076789,0.072521,0.068928,0.065921,0.063417,0.061344,0.059638,0.058242,0.057105,0.056186,0.055448,0.054858,0.054392,0.054025,0.053742,0.053526,0.053366,0.053254,0.053182,0.053148,0.053148,0.053182,0.053254,0.053366,0.053526,0.053742,0.054025,0.054392,0.054858,0.055448,0.056186,0.057105,0.058242,0.059638,0.061344,0.063417,0.065921,0.068928,0.072521,0.076789,0.081830,0.087751,0.094667,0.102702,0.111983,0.122645,0.134825,0.148661,0.164294,0.181856,0.201478,0.223279,0.247368,0.273836,0.302759,0.334188,0.368153,0.404654,0.443665,0.485126,0.528950,0.575013,0.623164,0.673218,0.724964,0.778162,0.832553,0.887854,0.943772,1.000000,
1.000000,0.943268,0.886849,0.831051,0.776173,0.722497,0.670288,0.619784,0.571203,0.524726,0.480510,0.438677,0.399317,0.362489,0.328221,0.296510,0.267329,0.240623,0.216320,0.194324,0.174527,0.156808,0.141036,0.127076,0.114788,0.104031,0.094667,0.086561,0.079583,0.073609,0.068524,0.064219,0.060594,0.057560,0.055034,0.052943,0.051221,0.049813,0.048667,0.047739,0.046994,0.046400,0.045929,0.045559,0.045273,0.045055,0.044894,0.044781,0.044709,0.044674,0.044674,0.044709,0.044781,0.044894,0.045055,0.045273,0.045559,0.045929,0.046400,0.046994,0.047739,0.048667,0.049813,0.051221,0.052943,0.055034,0.057560,0.060594,0.064219,0.068524,0.073609,0.079583,0.086561,0.094667,0.104031,0.114788,0.127076,0.141036,0.156808,0.174527,0.194324,0.216320,0.240623,0.267329,0.296510,0.328221,0.362489,0.399317,0.438677,0.480510,0.524726,0.571203,0.619784,0.670288,0.722497,0.776173,0.831051,0.886849,0.943268,1.000000,
1.000000,0.942833,0.885982,0.829758,0.774460,0.720374,0.667764,0.616875,0.567921,0.521090,0.476536,0.434383,0.394722,0.357613,0.323083,0.291130,0.261726,0.234818,0.210328,0.188165,0.168217,0.150364,0.134472,0.120406,0.108024,0.097186,0.087751,0.079583,0.072552,0.066533,0.061409,0.057071,0.053419,0.050362,0.047817,0.045710,0.043976,0.042557,0.041402,0.040468,0.039717,0.039118,0.038644,0.038272,0.037983,0.037764,0.037602,0.037487,0.037415,0.037379,0.037379,0.037415,0.037487,0.037602,0.037764,0.037983,0.038272,0.038644,0.039118,0.039717,0.040468,0.041402,0.042557,0.043976,0.045710,0.047817,0.050362,0.053419,0.057071,0.061409,0.066533,0.072552,0.079583,0.087751,0.097186,0.108024,0.120406,0.134472,0.150364,0.168217,0.188165,0.210328,0.234818,0.261726,0.291130,0.323083,0.357613,0.394722,0.434383,0.476536,0.521090,0.567921,0.616875,0.667764,0.720374,0.774460,0.829758,0.885982,0.942833,1.000000,
1.000000,0.942462,0.885241,0.828651,0.772993,0.718555,0.665604,0.614384,0.565113,0.517976,0.473133,0.430706,0.390789,0.353438,0.318684,0.286524,0.256930,0.229847,0.205199,0.182892,0.162816,0.144846,0.128852,0.114695,0.102233,0.091325,0.081830,0.073609,0.066533,0.060476,0.055319,0.050953,0.047278,0.044201,0.041639,0.039519,0.037774,0.036345,0.035183,0.034243,0.033488,0.032885,0.032408,0.032033,0.031743,0.031522,0.031359,0.031244,0.031171,0.031135,0.031135,0.031171,0.031244,0.031359,0.031522,0.031743,0.032033,0.032408,0.032885,0.033488,0.034243,0.035183,0.036345,0.037774,0.039519,0.041639,0.044201,0.047278,0.050953,0.055319,0.060476,0.066533,0.073609,0.081830,0.091325,0.102233,0.114695,0.128852,0.144846,0.162816,0.182892,0.205199,0.229847,0.256930,0.286524,0.318684,0.353438,0.390789,0.430706,0.473133,0.517976,0.565113,0.614384,0.665604,0.718555,0.772993,0.828651,0.885241,0.942462,1.000000,
1.000000,0.942145,0.884610,0.827708,0.771744,0.717007,0.663765,0.612263,0.562720,0.515326,0.470236,0.427576,0.387439,0.349884,0.314939,0.282603,0.252846,0.225615,0.200832,0.178403,0.158217,0.140149,0.124068,0.109833,0.097304,0.086336,0.076789,0.068524,0.061409,0.055319,0.050134,0.045744,0.042049,0.038956,0.036380,0.034249,0.032494,0.031058,0.029889,0.028944,0.028185,0.027579,0.027099,0.026722,0.026430,0.026208,0.026044,0.025929,0.025855,0.025820,0.025820,0.025855,0.025929,0.026044,0.026208,0.026430,0.026722,0.027099,0.027579,0.028185,0.028944,0.029889,0.031058,0.032494,0.034249,0.036380,0.038956,0.042049,0.045744,0.050134,0.055319,0.061409,0.068524,0.076789,0.086336,0.097304,0.109833,0.124068,0.140149,0.158217,0.178403,0.200832,0.225615,0.252846,0.282603,0.314939,0.349884,0.387439,0.427576,0.470236,0.515326,0.562720,0.612263,0.663765,0.717007,0.771744,0.827708,0.884610,0.942145,1.000000,
1.000000,0.941877,0.884075,0.826910,0.770687,0.715696,0.662208,0.610467,0.560696,0.513081,0.467783,0.424926,0.384603,0.346874,0.311768,0.279283,0.249389,0.222032,0.197135,0.174603,0.154323,0.136172,0.120017,0.105717,0.093130,0.082112,0.072521,0.064219,0.057071,0.050953,0.045744,0.041335,0.037623,0.034515,0.031928,0.029787,0.028024,0.026582,0.025408,0.024459,0.023696,0.023087,0.022605,0.022226,0.021933,0.021710,0.021545,0.021429,0.021356,0.021320,0.021320,0.021356,0.021429,0.021545,0.021710,0.021933,0.022226,0.022605,0.023087,0.023696,0.024459,0.025408,0.026582,0.028024,0.029787,0.031928,0.034515,0.037623,0.041335,0.045744,0.050953,0.057071,0.064219,0.072521,0.082112,0.093130,0.105717,0.120017,0.136172,0.154323,0.174603,0.197135,0.222032,0.249389,0.279283,0.311768,0.346874,0.384603,0.424926,0.467783,0.513081,0.560696,0.610467,0.662208,0.715696,0.770687,0.826910,0.884075,0.941877,1.000000,
1.000000,0.941651,0.883625,0.826238,0.769797,0.714592,0.660896,0.608955,0.558990,0.511191,0.465717,0.422695,0.382215,0.344341,0.309099,0.276488,0.246478,0.219015,0.194022,0.171403,0.151045,0.132825,0.116607,0.102252,0.089617,0.078556,0.068928,0.060594,0.053419,0.047278,0.042049,0.037623,0.033896,0.030777,0.028180,0.026031,0.024261,0.022813,0.021635,0.020682,0.019917,0.019305,0.018821,0.018442,0.018148,0.017924,0.017758,0.017642,0.017568,0.017532,0.017532,0.017568,0.017642,0.017758,0.017924,0.018148,0.018442,0.018821,0.019305,0.019917,0.020682,0.021635,0.022813,0.024261,0.026031,0.028180,0.030777,0.033896,0.037623,0.042049,0.047278,0.053419,0.060594,0.068928,0.078556,0.089617,0.102252,0.116607,0.132825,0.151045,0.171403,0.194022,0.219015,0.246478,0.276488,0.309099,0.344341,0.382215,0.422695,0.465717,0.511191,0.558990,0.608955,0.660896,0.714592,0.769797,0.826238,0.883625,0.941651,1.000000,
1.000000,0.941462,0.883248,0.825675,0.769051,0.713668,0.659798,0.607689,0.557563,0.509609,0.463988,0.420826,0.380216,0.342219,0.306863,0.274147,0.244041,0.216489,0.191416,0.168724,0.148301,0.130022,0.113752,0.099351,0.086675,0.075579,0.065921,0.057560,0.050362,0.044201,0.038956,0.034515,0.030777,0.027648,0.025043,0.022886,0.021111,0.019659,0.018477,0.017521,0.016753,0.016140,0.015654,0.015274,0.014978,0.014754,0.014588,0.014471,0.014397,0.014361,0.014361,0.014397,0.014471,0.014588,0.014754,0.014978,0.015274,0.015654,0.016140,0.016753,0.017521,0.018477,0.019659,0.021111,0.022886,0.025043,0.027648,0.030777,0.034515,0.038956,0.044201,0.050362,0.057560,0.065921,0.075579,0.086675,0.099351,0.113752,0.130022,0.148301,0.168724,0.191416,0.216489,0.244041,0.274147,0.306863,0.342219,0.380216,0.420826,0.463988,0.509609,0.557563,0.607689,0.659798,0.713668,0.769051,0.825675,0.883248,0.941462,1.000000,
1.000000,0.941305,0.882934,0.825207,0.768431,0.712899,0.658884,0.606635,0.556374,0.508291,0.462548,0.419270,0.378552,0.340453,0.305002,0.272199,0.242012,0.214387,0.189246,0.166494,0.146016,0.127688,0.111375,0.096936,0.084226,0.073101,0.063417,0.055034,0.047817,0.041639,0.036380,0.031928,0.028180,0.025043,0.022431,0.020269,0.018489,0.017033,0.015848,0.014890,0.014120,0.013505,0.013018,0.012636,0.012340,0.012115,0.011949,0.011832,0.011757,0.011721,0.011721,0.011757,0.011832,0.011949,0.012115,0.012340,0.012636,0.013018,0.013505,0.014120,0.014890,0.015848,0.017033,0.018489,0.020269,0.022431,0.025043,0.028180,0.031928,0.036380,0.041639,0.047817,0.055034,0.063417,0.073101,0.084226,0.096936,0.111375,0.127688,0.146016,0.166494,0.189246,0.214387,0.242012,0.272199,0.305002,0.340453,0.378552,0.419270,0.462548,0.508291,0.556374,0.606635,0.658884,0.712899,0.768431,0.825207,0.882934,0.941305,1.000000,
1.000000,0.941175,0.882674,0.824819,0.767917,0.712261,0.658127,0.605762,0.555389,0.507201,0.461356,0.417982,0.377174,0.338991,0.303462,0.270585,0.240332,0.212646,0.187450,0.164647,0.144125,0.125756,0.109408,0.094937,0.082199,0.071050,0.061344,0.052943,0.045710,0.039519,0.034249,0.029787,0.026031,0.022886,0.020269,0.018102,0.016319,0.014859,0.013672,0.012711,0.011940,0.011324,0.010836,0.010453,0.010157,0.009931,0.009764,0.009647,0.009572,0.009536,0.009536,0.009572,0.009647,0.009764,0.009931,0.010157,0.010453,0.010836,0.011324,0.011940,0.012711,0.013672,0.014859,0.016319,0.018102,0.020269,0.022886,0.026031,0.029787,0.034249,0.039519,0.045710,0.052943,0.061344,0.071050,0.082199,0.094937,0.109408,0.125756,0.144125,0.164647,0.187450,0.212646,0.240332,0.270585,0.303462,0.338991,0.377174,0.417982,0.461356,0.507201,0.555389,0.605762,0.658127,0.712261,0.767917,0.824819,0.882674,0.941175,1.000000,
1.000000,0.941067,0.882461,0.824499,0.767493,0.711737,0.657504,0.605044,0.554579,0.506303,0.460374,0.416922,0.376039,0.337787,0.302193,0.269257,0.238949,0.211213,0.185971,0.163128,0.142568,0.124166,0.107788,0.093291,0.080530,0.069361,0.059638,0.051221,0.043976,0.037774,0.032494,0.028024,0.024261,0.021111,0.018489,0.016319,0.014532,0.013070,0.011881,0.010918,0.010145,0.009528,0.009040,0.008656,0.008359,0.008133,0.007966,0.007848,0.007774,0.007737,0.007737,0.007774,0.007848,0.007966,0.008133,0.008359,0.008656,0.009040,0.009528,0.010145,0.010918,0.011881,0.013070,0.014532,0.016319,0.018489,0.021111,0.024261,0.028024,0.032494,0.037774,0.043976,0.051221,0.059638,0.069361,0.080530,0.093291,0.107788,0.124166,0.142568,0.163128,0.185971,0.211213,0.238949,0.269257,0.302193,0.337787,0.376039,0.416922,0.460374,0.506303,0.554579,0.605044,0.657504,0.711737,0.767493,0.824499,0.882461,0.941067,1.000000,
1.000000,0.940980,0.882285,0.824238,0.767147,0.711308,0.656994,0.604455,0.553916,0.505567,0.459571,0.416054,0.375111,0.336801,0.301155,0.268170,0.237817,0.210040,0.184761,0.161883,0.141293,0.122865,0.106462,0.091944,0.079165,0.067979,0.058242,0.049813,0.042557,0.036345,0.031058,0.026582,0.022813,0.019659,0.017033,0.014859,0.013070,0.011606,0.010415,0.009451,0.008677,0.008059,0.007570,0.007186,0.006888,0.006662,0.006495,0.006377,0.006302,0.006266,0.006266,0.006302,0.006377,0.006495,0.006662,0.006888,0.007186,0.007570,0.008059,0.008677,0.009451,0.010415,0.011606,0.013070,0.014859,0.017033,0.019659,0.022813,0.026582,0.031058,0.036345,0.042557,0.049813,0.058242,0.067979,0.079165,0.091944,0.106462,0.122865,0.141293,0.161883,0.184761,0.210040,0.237817,0.268170,0.301155,0.336801,0.375111,0.416054,0.459571,0.505567,0.553916,0.604455,0.656994,0.711308,0.767147,0.824238,0.882285,0.940980,1.000000,
1.000000,0.940908,0.882143,0.824025,0.766865,0.710958,0.656578,0.603977,0.553376,0.504969,0.458917,0.415348,0.374355,0.335999,0.300310,0.267286,0.236896,0.209085,0.183776,0.160871,0.140256,0.121806,0.105384,0.090848,0.078054,0.066854,0.057105,0.048667,0.041402,0.035183,0.029889,0.025408,0.021635,0.018477,0.015848,0.013672,0.011881,0.010415,0.009222,0.008257,0.007482,0.006863,0.006374,0.005989,0.005691,0.005465,0.005297,0.005179,0.005104,0.005068,0.005068,0.005104,0.005179,0.005297,0.005465,0.005691,0.005989,0.006374,0.006863,0.007482,0.008257,0.009222,0.010415,0.011881,0.013672,0.015848,0.018477,0.021635,0.025408,0.029889,0.035183,0.041402,0.048667,0.057105,0.066854,0.078054,0.090848,0.105384,0.121806,0.140256,0.160871,0.183776,0.209085,0.236896,0.267286,0.300310,0.335999,0.374355,0.415348,0.458917,0.504969,0.553376,0.603977,0.656578,0.710958,0.766865,0.824025,0.882143,0.940908,1.000000,
1.000000,0.940850,0.882028,0.823853,0.766637,0.710675,0.656243,0.603589,0.552939,0.504485,0.458388,0.414776,0.373744,0.335351,0.299627,0.266570,0.236151,0.208313,0.182980,0.160052,0.139418,0.120949,0.104511,0.089962,0.077155,0.065945,0.056186,0.047739,0.040468,0.034243,0.028944,0.024459,0.020682,0.017521,0.014890,0.012711,0.010918,0.009451,0.008257,0.007292,0.006516,0.005897,0.005406,0.005022,0.004724,0.004497,0.004329,0.004211,0.004136,0.004100,0.004100,0.004136,0.004211,0.004329,0.004497,0.004724,0.005022,0.005406,0.005897,0.006516,0.007292,0.008257,0.009451,0.010918,0.012711,0.014890,0.017521,0.020682,0.024459,0.028944,0.034243,0.040468,0.047739,0.056186,0.065945,0.077155,0.089962,0.104511,0.120949,0.139418,0.160052,0.182980,0.208313,0.236151,0.266570,0.299627,0.335351,0.373744,0.414776,0.458388,0.504485,0.552939,0.603589,0.656243,0.710675,0.766637,0.823853,0.882028,0.940850,1.000000,
1.000000,0.940804,0.881935,0.823715,0.766454,0.710448,0.655973,0.603278,0.552588,0.504096,0.457963,0.414317,0.373252,0.334829,0.299077,0.265995,0.235552,0.207693,0.182339,0.159394,0.138743,0.120261,0.103810,0.089249,0.076432,0.065214,0.055448,0.046994,0.039717,0.033488,0.028185,0.023696,0.019917,0.016753,0.014120,0.011940,0.010145,0.008677,0.007482,0.006516,0.005739,0.005120,0.004629,0.004244,0.003946,0.003719,0.003551,0.003433,0.003358,0.003321,0.003321,0.003358,0.003433,0.003551,0.003719,0.003946,0.004244,0.004629,0.005120,0.005739,0.006516,0.007482,0.008677,0.010145,0.011940,0.014120,0.016753,0.019917,0.023696,0.028185,0.033488,0.039717,0.046994,0.055448,0.065214,0.076432,0.089249,0.103810,0.120261,0.138743,0.159394,0.182339,0.207693,0.235552,0.265995,0.299077,0.334829,0.373252,0.414317,0.457963,0.504096,0.552588,0.603278,0.655973,0.710448,0.766454,0.823715,0.881935,0.940804,1.000000,
1.000000,0.940767,0.881861,0.823604,0.766308,0.710267,0.655757,0.603030,0.552308,0.503786,0.457624,0.413951,0.372860,0.334413,0.298639,0.265536,0.235074,0.207197,0.181828,0.158869,0.138205,0.119711,0.103250,0.088680,0.075856,0.064630,0.054858,0.046400,0.039118,0.032885,0.027579,0.023087,0.019305,0.016140,0.013505,0.011324,0.009528,0.008059,0.006863,0.005897,0.005120,0.004500,0.004009,0.003623,0.003325,0.003098,0.002930,0.002812,0.002737,0.002700,0.002700,0.002737,0.002812,0.002930,0.003098,0.003325,0.003623,0.004009,0.004500,0.005120,0.005897,0.006863,0.008059,0.009528,0.011324,0.013505,0.016140,0.019305,0.023087,0.027579,0.032885,0.039118,0.046400,0.054858,0.064630,0.075856,0.088680,0.103250,0.119711,0.138205,0.158869,0.181828,0.207197,0.235074,0.265536,0.298639,0.334413,0.372860,0.413951,0.457624,0.503786,0.552308,0.603030,0.655757,0.710267,0.766308,0.823604,0.881861,0.940767,1.000000,
1.000000,0.940737,0.881802,0.823517,0.766192,0.710123,0.655586,0.602833,0.552086,0.503540,0.457355,0.413660,0.372549,0.334083,0.298292,0.265172,0.234695,0.206805,0.181424,0.158453,0.137779,0.119276,0.102807,0.088230,0.075399,0.064168,0.054392,0.045929,0.038644,0.032408,0.027099,0.022605,0.018821,0.015654,0.013018,0.010836,0.009040,0.007570,0.006374,0.005406,0.004629,0.004009,0.003517,0.003132,0.002833,0.002606,0.002438,0.002320,0.002245,0.002208,0.002208,0.002245,0.002320,0.002438,0.002606,0.002833,0.003132,0.003517,0.004009,0.004629,0.005406,0.006374,0.007570,0.009040,0.010836,0.013018,0.015654,0.018821,0.022605,0.027099,0.032408,0.038644,0.045929,0.054392,0.064168,0.075399,0.088230,0.102807,0.119276,0.137779,0.158453,0.181424,0.206805,0.234695,0.265172,0.298292,0.334083,0.372549,0.413660,0.457355,0.503540,0.552086,0.602833,0.655586,0.710123,0.766192,0.823517,0.881802,0.940737,1.000000,
1.000000,0.940714,0.881756,0.823448,0.766101,0.710010,0.655452,0.602678,0.551912,0.503347,0.457144,0.413432,0.372305,0.333825,0.298019,0.264887,0.234398,0.206497,0.181106,0.158126,0.137445,0.118934,0.102459,0.087877,0.075041,0.063805,0.054025,0.045559,0.038272,0.032033,0.026722,0.022226,0.018442,0.015274,0.012636,0.010453,0.008656,0.007186,0.005989,0.005022,0.004244,0.003623,0.003132,0.002746,0.002448,0.002220,0.002052,0.001934,0.001859,0.001822,0.001822,0.001859,0.001934,0.002052,0.002220,0.002448,0.002746,0.003132,0.003623,0.004244,0.005022,0.005989,0.007186,0.008656,0.010453,0.012636,0.015274,0.018442,0.022226,0.026722,0.032033,0.038272,0.045559,0.054025,0.063805,0.075041,0.087877,0.102459,0.118934,0.137445,0.158126,0.181106,0.206497,0.234398,0.264887,0.298019,0.333825,0.372305,0.413432,0.457144,0.503347,0.551912,0.602678,0.655452,0.710010,0.766101,0.823448,0.881756,0.940714,1.000000,
